Vcontrol	freq
-0.20	0.9982192000
-0.20	0.9982269421
-0.20	0.9982346963
-0.20	0.9982424627
-0.20	0.9982502412
-0.20	0.9982580319
-0.19	0.9982658347
-0.19	0.9982736497
-0.19	0.9982814768
-0.19	0.9982893160
-0.19	0.9982971674
-0.19	0.9983050308
-0.19	0.9983129064
-0.19	0.9983207941
-0.19	0.9983286939
-0.19	0.9983366058
-0.18	0.9983445298
-0.18	0.9983524659
-0.18	0.9983604141
-0.18	0.9983683744
-0.18	0.9983763467
-0.18	0.9983843311
-0.18	0.9983923276
-0.18	0.9984003362
-0.18	0.9984083568
-0.18	0.9984163895
-0.17	0.9984244342
-0.17	0.9984324909
-0.17	0.9984405597
-0.17	0.9984486405
-0.17	0.9984567334
-0.17	0.9984648382
-0.17	0.9984729551
-0.17	0.9984810840
-0.17	0.9984892249
-0.17	0.9984973778
-0.16	0.9985055426
-0.16	0.9985137195
-0.16	0.9985219083
-0.16	0.9985301091
-0.16	0.9985383219
-0.16	0.9985465467
-0.16	0.9985547833
-0.16	0.9985630320
-0.16	0.9985712925
-0.16	0.9985795650
-0.15	0.9985878494
-0.15	0.9985961458
-0.15	0.9986044540
-0.15	0.9986127742
-0.15	0.9986211063
-0.15	0.9986294502
-0.15	0.9986378060
-0.15	0.9986461737
-0.15	0.9986545533
-0.15	0.9986629447
-0.14	0.9986713480
-0.14	0.9986797631
-0.14	0.9986881901
-0.14	0.9986966289
-0.14	0.9987050795
-0.14	0.9987135420
-0.14	0.9987220162
-0.14	0.9987305022
-0.14	0.9987390001
-0.14	0.9987475097
-0.13	0.9987560311
-0.13	0.9987645642
-0.13	0.9987731091
-0.13	0.9987816658
-0.13	0.9987902342
-0.13	0.9987988143
-0.13	0.9988074061
-0.13	0.9988160097
-0.13	0.9988246250
-0.13	0.9988332520
-0.12	0.9988418906
-0.12	0.9988505409
-0.12	0.9988592029
-0.12	0.9988678766
-0.12	0.9988765619
-0.12	0.9988852589
-0.12	0.9988939675
-0.12	0.9989026877
-0.12	0.9989114195
-0.12	0.9989201629
-0.11	0.9989289179
-0.11	0.9989376845
-0.11	0.9989464627
-0.11	0.9989552525
-0.11	0.9989640538
-0.11	0.9989728666
-0.11	0.9989816910
-0.11	0.9989905269
-0.11	0.9989993743
-0.11	0.9990082332
-0.10	0.9990171036
-0.10	0.9990259855
-0.10	0.9990348789
-0.10	0.9990437837
-0.10	0.9990527000
-0.10	0.9990616277
-0.10	0.9990705669
-0.10	0.9990795174
-0.10	0.9990884794
-0.10	0.9990974528
-0.09	0.9991064375
-0.09	0.9991154337
-0.09	0.9991244411
-0.09	0.9991334600
-0.09	0.9991424902
-0.09	0.9991515317
-0.09	0.9991605845
-0.09	0.9991696486
-0.09	0.9991787241
-0.09	0.9991878108
-0.08	0.9991969088
-0.08	0.9992060180
-0.08	0.9992151385
-0.08	0.9992242702
-0.08	0.9992334131
-0.08	0.9992425673
-0.08	0.9992517326
-0.08	0.9992609091
-0.08	0.9992700968
-0.08	0.9992792957
-0.07	0.9992885057
-0.07	0.9992977269
-0.07	0.9993069591
-0.07	0.9993162025
-0.07	0.9993254570
-0.07	0.9993347225
-0.07	0.9993439992
-0.07	0.9993532868
-0.07	0.9993625856
-0.07	0.9993718953
-0.06	0.9993812161
-0.06	0.9993905479
-0.06	0.9993998907
-0.06	0.9994092444
-0.06	0.9994186091
-0.06	0.9994279848
-0.06	0.9994373714
-0.06	0.9994467689
-0.06	0.9994561773
-0.06	0.9994655967
-0.05	0.9994750269
-0.05	0.9994844680
-0.05	0.9994939199
-0.05	0.9995033827
-0.05	0.9995128563
-0.05	0.9995223407
-0.05	0.9995318359
-0.05	0.9995413418
-0.05	0.9995508586
-0.05	0.9995603861
-0.04	0.9995699243
-0.04	0.9995794733
-0.04	0.9995890329
-0.04	0.9995986033
-0.04	0.9996081843
-0.04	0.9996177760
-0.04	0.9996273784
-0.04	0.9996369913
-0.04	0.9996466149
-0.04	0.9996562491
-0.03	0.9996658939
-0.03	0.9996755493
-0.03	0.9996852152
-0.03	0.9996948916
-0.03	0.9997045786
-0.03	0.9997142760
-0.03	0.9997239840
-0.03	0.9997337025
-0.03	0.9997434314
-0.03	0.9997531707
-0.02	0.9997629205
-0.02	0.9997726807
-0.02	0.9997824512
-0.02	0.9997922322
-0.02	0.9998020235
-0.02	0.9998118252
-0.02	0.9998216372
-0.02	0.9998314595
-0.02	0.9998412921
-0.02	0.9998511350
-0.01	0.9998609881
-0.01	0.9998708515
-0.01	0.9998807251
-0.01	0.9998906089
-0.01	0.9999005030
-0.01	0.9999104072
-0.01	0.9999203215
-0.01	0.9999302460
-0.01	0.9999401806
-0.01	0.9999501254
0.00	0.9999600802
0.00	0.9999700451
0.00	0.9999800200
0.00	0.9999900050
0.00	1.0000000000
0.00	1.0000100050
0.00	1.0000200200
0.00	1.0000300449
0.00	1.0000400798
0.00	1.0000501246
0.01	1.0000601793
0.01	1.0000702440
0.01	1.0000803185
0.01	1.0000904028
0.01	1.0001004970
0.01	1.0001106010
0.01	1.0001207148
0.01	1.0001308383
0.01	1.0001409717
0.02	1.0001511147
0.02	1.0001612675
0.02	1.0001714300
0.02	1.0001816022
0.02	1.0001917840
0.02	1.0002019755
0.02	1.0002121766
0.02	1.0002223874
0.02	1.0002326077
0.02	1.0002428375
0.03	1.0002530770
0.03	1.0002633259
0.03	1.0002735844
0.03	1.0002838523
0.03	1.0002941297
0.03	1.0003044166
0.03	1.0003147129
0.03	1.0003250186
0.03	1.0003353336
0.03	1.0003456581
0.04	1.0003559919
0.04	1.0003663350
0.04	1.0003766874
0.04	1.0003870491
0.04	1.0003974201
0.04	1.0004078003
0.04	1.0004181898
0.04	1.0004285884
0.04	1.0004389962
0.04	1.0004494132
0.05	1.0004598393
0.05	1.0004702746
0.05	1.0004807189
0.05	1.0004911723
0.05	1.0005016348
0.05	1.0005121063
0.05	1.0005225868
0.05	1.0005330762
0.05	1.0005435747
0.05	1.0005540821
0.06	1.0005645984
0.06	1.0005751236
0.06	1.0005856578
0.06	1.0005962007
0.06	1.0006067525
0.06	1.0006173131
0.06	1.0006278825
0.06	1.0006384607
0.06	1.0006490476
0.06	1.0006596432
0.07	1.0006702476
0.07	1.0006808606
0.07	1.0006914823
0.07	1.0007021126
0.07	1.0007127515
0.07	1.0007233990
0.07	1.0007340550
0.07	1.0007447196
0.07	1.0007553928
0.07	1.0007660744
0.08	1.0007767645
0.08	1.0007874630
0.08	1.0007981699
0.08	1.0008088853
0.08	1.0008196090
0.08	1.0008303411
0.08	1.0008410815
0.08	1.0008518303
0.08	1.0008625873
0.08	1.0008733525
0.09	1.0008841260
0.09	1.0008949077
0.09	1.0009056976
0.09	1.0009164957
0.09	1.0009273019
0.09	1.0009381162
0.09	1.0009489386
0.09	1.0009597690
0.09	1.0009706075
0.09	1.0009814540
0.10	1.0009923085
0.10	1.0010031710
0.10	1.0010140414
0.10	1.0010249197
0.10	1.0010358059
0.10	1.0010467000
0.10	1.0010576019
0.10	1.0010685116
0.10	1.0010794292
0.10	1.0010903545
0.11	1.0011012875
0.11	1.0011122282
0.11	1.0011231766
0.11	1.0011341327
0.11	1.0011450964
0.11	1.0011560678
0.11	1.0011670467
0.11	1.0011780332
0.11	1.0011890272
0.11	1.0012000287
0.12	1.0012110377
0.12	1.0012220541
0.12	1.0012330780
0.12	1.0012441093
0.12	1.0012551479
0.12	1.0012661939
0.12	1.0012772472
0.12	1.0012883079
0.12	1.0012993757
0.12	1.0013104509
0.13	1.0013215332
0.13	1.0013326227
0.13	1.0013437194
0.13	1.0013548232
0.13	1.0013659342
0.13	1.0013770522
0.13	1.0013881772
0.13	1.0013993093
0.13	1.0014104484
0.13	1.0014215944
0.14	1.0014327474
0.14	1.0014439073
0.14	1.0014550741
0.14	1.0014662478
0.14	1.0014774282
0.14	1.0014886155
0.14	1.0014998096
0.14	1.0015110104
0.14	1.0015222179
0.14	1.0015334321
0.15	1.0015446530
0.15	1.0015558805
0.15	1.0015671146
0.15	1.0015783553
0.15	1.0015896025
0.15	1.0016008563
0.15	1.0016121165
0.15	1.0016233832
0.15	1.0016346563
0.15	1.0016459359
0.16	1.0016572218
0.16	1.0016685140
0.16	1.0016798126
0.16	1.0016911175
0.16	1.0017024286
0.16	1.0017137459
0.16	1.0017250695
0.16	1.0017363992
0.16	1.0017477350
0.16	1.0017590770
0.17	1.0017704250
0.17	1.0017817791
0.17	1.0017931392
0.17	1.0018045053
0.17	1.0018158774
0.17	1.0018272554
0.17	1.0018386393
0.17	1.0018500290
0.17	1.0018614246
0.17	1.0018728260
0.18	1.0018842332
0.18	1.0018956461
0.18	1.0019070648
0.18	1.0019184891
0.18	1.0019299191
0.18	1.0019413547
0.18	1.0019527959
0.18	1.0019642427
0.18	1.0019756950
0.18	1.0019871528
0.19	1.0019986161
0.19	1.0020100848
0.19	1.0020215589
0.19	1.0020330384
0.19	1.0020445232
0.19	1.0020560134
0.19	1.0020675088
0.19	1.0020790095
0.19	1.0020905154
0.19	1.0021020264
0.20	1.0021135427
0.20	1.0021250640
0.20	1.0021365905
0.20	1.0021481220
0.20	1.0021596585
0.20	1.0021712000
0.20	1.0021827465
0.20	1.0021942979
0.20	1.0022058542
0.20	1.0022174153
0.21	1.0022289813
0.21	1.0022405521
0.21	1.0022521277
0.21	1.0022637079
0.21	1.0022752929
0.21	1.0022868826
0.21	1.0022984768
0.21	1.0023100757
0.21	1.0023216792
0.21	1.0023332871
0.22	1.0023448996
0.22	1.0023565166
0.22	1.0023681379
0.22	1.0023797637
0.22	1.0023913939
0.22	1.0024030283
0.22	1.0024146671
0.22	1.0024263101
0.22	1.0024379574
0.22	1.0024496088
0.23	1.0024612645
0.23	1.0024729242
0.23	1.0024845880
0.23	1.0024962559
0.23	1.0025079279
0.23	1.0025196038
0.23	1.0025312836
0.23	1.0025429674
0.23	1.0025546551
0.23	1.0025663466
0.24	1.0025780420
0.24	1.0025897411
0.24	1.0026014440
0.24	1.0026131506
0.24	1.0026248608
0.24	1.0026365747
0.24	1.0026482922
0.24	1.0026600133
0.24	1.0026717379
0.24	1.0026834660
0.25	1.0026951976
0.25	1.0027069326
0.25	1.0027186710
0.25	1.0027304128
0.25	1.0027421579
0.25	1.0027539063
0.25	1.0027656579
0.25	1.0027774127
0.25	1.0027891707
0.25	1.0028009319
0.26	1.0028126961
0.26	1.0028244635
0.26	1.0028362338
0.26	1.0028480072
0.26	1.0028597835
0.26	1.0028715627
0.26	1.0028833448
0.26	1.0028951298
0.26	1.0029069176
0.26	1.0029187082
0.27	1.0029305015
0.27	1.0029422975
0.27	1.0029540961
0.27	1.0029658974
0.27	1.0029777013
0.27	1.0029895078
0.27	1.0030013167
0.27	1.0030131282
0.27	1.0030249420
0.27	1.0030367583
0.28	1.0030485770
0.28	1.0030603979
0.28	1.0030722212
0.28	1.0030840467
0.28	1.0030958744
0.28	1.0031077043
0.28	1.0031195364
0.28	1.0031313705
0.28	1.0031432067
0.28	1.0031550449
0.29	1.0031668851
0.29	1.0031787273
0.29	1.0031905713
0.29	1.0032024173
0.29	1.0032142650
0.29	1.0032261146
0.29	1.0032379659
0.29	1.0032498189
0.29	1.0032616736
0.29	1.0032735299
0.30	1.0032853878
0.30	1.0032972473
0.30	1.0033091083
0.30	1.0033209708
0.30	1.0033328347
0.30	1.0033447000
0.30	1.0033565667
0.30	1.0033684347
0.30	1.0033803039
0.30	1.0033921745
0.31	1.0034040462
0.31	1.0034159191
0.31	1.0034277930
0.31	1.0034396681
0.31	1.0034515442
0.31	1.0034634214
0.31	1.0034752995
0.31	1.0034871785
0.31	1.0034990583
0.31	1.0035109391
0.32	1.0035228206
0.32	1.0035347028
0.32	1.0035465858
0.32	1.0035584695
0.32	1.0035703538
0.32	1.0035822387
0.32	1.0035941242
0.32	1.0036060101
0.32	1.0036178966
0.32	1.0036297834
0.33	1.0036416707
0.33	1.0036535583
0.33	1.0036654462
0.33	1.0036773344
0.33	1.0036892228
0.33	1.0037011114
0.33	1.0037130001
0.33	1.0037248889
0.33	1.0037367778
0.33	1.0037486667
0.34	1.0037605555
0.34	1.0037724443
0.34	1.0037843330
0.34	1.0037962215
0.34	1.0038081098
0.34	1.0038199979
0.34	1.0038318857
0.34	1.0038437732
0.34	1.0038556603
0.34	1.0038675470
0.35	1.0038794333
0.35	1.0038913190
0.35	1.0039032042
0.35	1.0039150889
0.35	1.0039269729
0.35	1.0039388563
0.35	1.0039507389
0.35	1.0039626208
0.35	1.0039745019
0.35	1.0039863821
0.36	1.0039982615
0.36	1.0040101399
0.36	1.0040220174
0.36	1.0040338938
0.36	1.0040457692
0.36	1.0040576435
0.36	1.0040695167
0.36	1.0040813886
0.36	1.0040932594
0.36	1.0041051288
0.37	1.0041169969
0.37	1.0041288637
0.37	1.0041407290
0.37	1.0041525929
0.37	1.0041644553
0.37	1.0041763162
0.37	1.0041881754
0.37	1.0042000331
0.37	1.0042118890
0.37	1.0042237432
0.38	1.0042355957
0.38	1.0042474464
0.38	1.0042592951
0.38	1.0042711420
0.38	1.0042829870
0.38	1.0042948299
0.38	1.0043066708
0.38	1.0043185097
0.38	1.0043303464
0.38	1.0043421809
0.39	1.0043540132
0.39	1.0043658432
0.39	1.0043776709
0.39	1.0043894963
0.39	1.0044013193
0.39	1.0044131398
0.39	1.0044249578
0.39	1.0044367733
0.39	1.0044485861
0.39	1.0044603964
0.40	1.0044722040
0.40	1.0044840088
0.40	1.0044958109
0.40	1.0045076101
0.40	1.0045194065
0.40	1.0045312000
0.40	1.0045429905
0.40	1.0045547780
0.40	1.0045665625
0.40	1.0045783438
0.41	1.0045901220
0.41	1.0046018970
0.41	1.0046136688
0.41	1.0046254373
0.41	1.0046372024
0.41	1.0046489642
0.41	1.0046607225
0.41	1.0046724773
0.41	1.0046842287
0.41	1.0046959764
0.42	1.0047077205
0.42	1.0047194610
0.42	1.0047311977
0.42	1.0047429307
0.42	1.0047546598
0.42	1.0047663851
0.42	1.0047781065
0.42	1.0047898239
0.42	1.0048015373
0.42	1.0048132467
0.43	1.0048249520
0.43	1.0048366531
0.43	1.0048483500
0.43	1.0048600426
0.43	1.0048717310
0.43	1.0048834150
0.43	1.0048950946
0.43	1.0049067697
0.43	1.0049184404
0.43	1.0049301065
0.44	1.0049417681
0.44	1.0049534250
0.44	1.0049650772
0.44	1.0049767246
0.44	1.0049883673
0.44	1.0050000051
0.44	1.0050116381
0.44	1.0050232661
0.44	1.0050348891
0.44	1.0050465070
0.45	1.0050581199
0.45	1.0050697277
0.45	1.0050813302
0.45	1.0050929275
0.45	1.0051045196
0.45	1.0051161063
0.45	1.0051276875
0.45	1.0051392634
0.45	1.0051508338
0.45	1.0051623986
0.46	1.0051739578
0.46	1.0051855114
0.46	1.0051970593
0.46	1.0052086015
0.46	1.0052201378
0.46	1.0052316683
0.46	1.0052431929
0.46	1.0052547116
0.46	1.0052662243
0.46	1.0052777309
0.47	1.0052892314
0.47	1.0053007257
0.47	1.0053122139
0.47	1.0053236958
0.47	1.0053351713
0.47	1.0053466406
0.47	1.0053581034
0.47	1.0053695597
0.47	1.0053810096
0.47	1.0053924528
0.48	1.0054038895
0.48	1.0054153194
0.48	1.0054267427
0.48	1.0054381591
0.48	1.0054495688
0.48	1.0054609715
0.48	1.0054723673
0.48	1.0054837562
0.48	1.0054951380
0.48	1.0055065127
0.49	1.0055178802
0.49	1.0055292406
0.49	1.0055405937
0.49	1.0055519395
0.49	1.0055632779
0.49	1.0055746090
0.49	1.0055859325
0.49	1.0055972486
0.49	1.0056085571
0.49	1.0056198579
0.50	1.0056311511
0.50	1.0056424366
0.50	1.0056537142
0.50	1.0056649841
0.50	1.0056762460
0.50	1.0056875000
0.50	1.0056987460
0.50	1.0057099839
0.50	1.0057212138
0.50	1.0057324354
0.51	1.0057436489
0.51	1.0057548541
0.51	1.0057660509
0.51	1.0057772394
0.51	1.0057884194
0.51	1.0057995910
0.51	1.0058107540
0.51	1.0058219084
0.51	1.0058330541
0.51	1.0058441912
0.52	1.0058553195
0.52	1.0058664389
0.52	1.0058775495
0.52	1.0058886512
0.52	1.0058997439
0.52	1.0059108275
0.52	1.0059219021
0.52	1.0059329675
0.52	1.0059440237
0.52	1.0059550706
0.53	1.0059661082
0.53	1.0059771364
0.53	1.0059881553
0.53	1.0059991646
0.53	1.0060101644
0.53	1.0060211546
0.53	1.0060321351
0.53	1.0060431059
0.53	1.0060540670
0.53	1.0060650183
0.54	1.0060759596
0.54	1.0060868911
0.54	1.0060978125
0.54	1.0061087239
0.54	1.0061196252
0.54	1.0061305163
0.54	1.0061413972
0.54	1.0061522679
0.54	1.0061631282
0.54	1.0061739781
0.55	1.0061848176
0.55	1.0061956465
0.55	1.0062064650
0.55	1.0062172727
0.55	1.0062280699
0.55	1.0062388563
0.55	1.0062496318
0.55	1.0062603966
0.55	1.0062711504
0.55	1.0062818933
0.56	1.0062926252
0.56	1.0063033460
0.56	1.0063140556
0.56	1.0063247540
0.56	1.0063354412
0.56	1.0063461171
0.56	1.0063567816
0.56	1.0063674347
0.56	1.0063780763
0.56	1.0063887064
0.57	1.0063993248
0.57	1.0064099316
0.57	1.0064205267
0.57	1.0064311100
0.57	1.0064416814
0.57	1.0064522410
0.57	1.0064627886
0.57	1.0064733241
0.57	1.0064838477
0.57	1.0064943590
0.58	1.0065048582
0.58	1.0065153451
0.58	1.0065258197
0.58	1.0065362820
0.58	1.0065467318
0.58	1.0065571691
0.58	1.0065675939
0.58	1.0065780061
0.58	1.0065884055
0.58	1.0065987923
0.59	1.0066091663
0.59	1.0066195274
0.59	1.0066298756
0.59	1.0066402108
0.59	1.0066505331
0.59	1.0066608422
0.59	1.0066711381
0.59	1.0066814209
0.59	1.0066916904
0.59	1.0067019465
0.60	1.0067121893
0.60	1.0067224186
0.60	1.0067326344
0.60	1.0067428366
0.60	1.0067530251
0.60	1.0067632000
0.60	1.0067733611
0.60	1.0067835084
0.60	1.0067936418
0.60	1.0068037613
0.61	1.0068138667
0.61	1.0068239581
0.61	1.0068340354
0.61	1.0068440984
0.61	1.0068541473
0.61	1.0068641818
0.61	1.0068742019
0.61	1.0068842076
0.61	1.0068941988
0.61	1.0069041754
0.62	1.0069141374
0.62	1.0069240847
0.62	1.0069340173
0.62	1.0069439351
0.62	1.0069538380
0.62	1.0069637259
0.62	1.0069735989
0.62	1.0069834568
0.62	1.0069932995
0.62	1.0070031271
0.63	1.0070129395
0.63	1.0070227365
0.63	1.0070325181
0.63	1.0070422843
0.63	1.0070520350
0.63	1.0070617702
0.63	1.0070714897
0.63	1.0070811935
0.63	1.0070908816
0.63	1.0071005538
0.64	1.0071102102
0.64	1.0071198506
0.64	1.0071294750
0.64	1.0071390833
0.64	1.0071486755
0.64	1.0071582515
0.64	1.0071678112
0.64	1.0071773546
0.64	1.0071868817
0.64	1.0071963922
0.65	1.0072058862
0.65	1.0072153637
0.65	1.0072248244
0.65	1.0072342685
0.65	1.0072436958
0.65	1.0072531063
0.65	1.0072624998
0.65	1.0072718763
0.65	1.0072812359
0.65	1.0072905783
0.66	1.0072999035
0.66	1.0073092115
0.66	1.0073185022
0.66	1.0073277756
0.66	1.0073370315
0.66	1.0073462699
0.66	1.0073554908
0.66	1.0073646940
0.66	1.0073738795
0.66	1.0073830473
0.67	1.0073921973
0.67	1.0074013293
0.67	1.0074104434
0.67	1.0074195395
0.67	1.0074286175
0.67	1.0074376774
0.67	1.0074467190
0.67	1.0074557423
0.67	1.0074647473
0.67	1.0074737339
0.68	1.0074827020
0.68	1.0074916515
0.68	1.0075005824
0.68	1.0075094946
0.68	1.0075183881
0.68	1.0075272627
0.68	1.0075361185
0.68	1.0075449553
0.68	1.0075537731
0.68	1.0075625718
0.69	1.0075713513
0.69	1.0075801116
0.69	1.0075888527
0.69	1.0075975744
0.69	1.0076062766
0.69	1.0076149594
0.69	1.0076236226
0.69	1.0076322661
0.69	1.0076408900
0.69	1.0076494941
0.70	1.0076580784
0.70	1.0076666428
0.70	1.0076751872
0.70	1.0076837116
0.70	1.0076922159
0.70	1.0077007000
0.70	1.0077091639
0.70	1.0077176074
0.70	1.0077260306
0.70	1.0077344333
0.71	1.0077428156
0.71	1.0077511772
0.71	1.0077595182
0.71	1.0077678385
0.71	1.0077761379
0.71	1.0077844166
0.71	1.0077926743
0.71	1.0078009110
0.71	1.0078091266
0.71	1.0078173211
0.72	1.0078254944
0.72	1.0078336464
0.72	1.0078417771
0.72	1.0078498863
0.72	1.0078579741
0.72	1.0078660403
0.72	1.0078740849
0.72	1.0078821078
0.72	1.0078901090
0.72	1.0078980883
0.73	1.0079060457
0.73	1.0079139811
0.73	1.0079218945
0.73	1.0079297858
0.73	1.0079376549
0.73	1.0079455018
0.73	1.0079533263
0.73	1.0079611284
0.73	1.0079689081
0.73	1.0079766652
0.74	1.0079843997
0.74	1.0079921116
0.74	1.0079998007
0.74	1.0080074669
0.74	1.0080151103
0.74	1.0080227307
0.74	1.0080303281
0.74	1.0080379024
0.74	1.0080454535
0.74	1.0080529813
0.75	1.0080604859
0.75	1.0080679670
0.75	1.0080754247
0.75	1.0080828588
0.75	1.0080902694
0.75	1.0080976563
0.75	1.0081050194
0.75	1.0081123587
0.75	1.0081196741
0.75	1.0081269655
0.76	1.0081342329
0.76	1.0081414762
0.76	1.0081486953
0.76	1.0081558901
0.76	1.0081630606
0.76	1.0081702067
0.76	1.0081773284
0.76	1.0081844255
0.76	1.0081914979
0.76	1.0081985457
0.77	1.0082055687
0.77	1.0082125669
0.77	1.0082195402
0.77	1.0082264885
0.77	1.0082334117
0.77	1.0082403098
0.77	1.0082471827
0.77	1.0082540303
0.77	1.0082608525
0.77	1.0082676494
0.78	1.0082744207
0.78	1.0082811665
0.78	1.0082878866
0.78	1.0082945810
0.78	1.0083012496
0.78	1.0083078923
0.78	1.0083145091
0.78	1.0083210999
0.78	1.0083276646
0.78	1.0083342031
0.79	1.0083407154
0.79	1.0083472013
0.79	1.0083536609
0.79	1.0083600940
0.79	1.0083665006
0.79	1.0083728806
0.79	1.0083792338
0.79	1.0083855604
0.79	1.0083918600
0.79	1.0083981328
0.80	1.0084043786
0.80	1.0084105973
0.80	1.0084167889
0.80	1.0084229532
0.80	1.0084290903
0.80	1.0084352000
0.80	1.0084412823
0.80	1.0084473370
0.80	1.0084533642
0.80	1.0084593637
0.81	1.0084653354
0.81	1.0084712794
0.81	1.0084771954
0.81	1.0084830835
0.81	1.0084889435
0.81	1.0084947754
0.81	1.0085005791
0.81	1.0085063545
0.81	1.0085121016
0.81	1.0085178202
0.82	1.0085235103
0.82	1.0085291719
0.82	1.0085348048
0.82	1.0085404089
0.82	1.0085459843
0.82	1.0085515307
0.82	1.0085570482
0.82	1.0085625367
0.82	1.0085679960
0.82	1.0085734261
0.83	1.0085788270
0.83	1.0085841985
0.83	1.0085895405
0.83	1.0085948531
0.83	1.0086001361
0.83	1.0086053894
0.83	1.0086106129
0.83	1.0086158067
0.83	1.0086209706
0.83	1.0086261044
0.84	1.0086312083
0.84	1.0086362820
0.84	1.0086413255
0.84	1.0086463387
0.84	1.0086513215
0.84	1.0086562739
0.84	1.0086611958
0.84	1.0086660871
0.84	1.0086709477
0.84	1.0086757775
0.85	1.0086805765
0.85	1.0086853446
0.85	1.0086900817
0.85	1.0086947877
0.85	1.0086994626
0.85	1.0087041063
0.85	1.0087087186
0.85	1.0087132995
0.85	1.0087178490
0.85	1.0087223669
0.86	1.0087268532
0.86	1.0087313078
0.86	1.0087357306
0.86	1.0087401216
0.86	1.0087444806
0.86	1.0087488075
0.86	1.0087531024
0.86	1.0087573651
0.86	1.0087615955
0.86	1.0087657935
0.87	1.0087699592
0.87	1.0087740923
0.87	1.0087781929
0.87	1.0087822607
0.87	1.0087862959
0.87	1.0087902982
0.87	1.0087942676
0.87	1.0087982040
0.87	1.0088021073
0.87	1.0088059775
0.88	1.0088098145
0.88	1.0088136181
0.88	1.0088173883
0.88	1.0088211251
0.88	1.0088248283
0.88	1.0088284979
0.88	1.0088321338
0.88	1.0088357358
0.88	1.0088393040
0.88	1.0088428382
0.89	1.0088463384
0.89	1.0088498045
0.89	1.0088532363
0.89	1.0088566339
0.89	1.0088599970
0.89	1.0088633258
0.89	1.0088666200
0.89	1.0088698795
0.89	1.0088731044
0.89	1.0088762945
0.90	1.0088794497
0.90	1.0088825700
0.90	1.0088856553
0.90	1.0088887054
0.90	1.0088917203
0.90	1.0088947000
0.90	1.0088976443
0.90	1.0089005532
0.90	1.0089034265
0.90	1.0089062642
0.91	1.0089090663
0.91	1.0089118325
0.91	1.0089145629
0.91	1.0089172574
0.91	1.0089199158
0.91	1.0089225382
0.91	1.0089251243
0.91	1.0089276742
0.91	1.0089301877
0.91	1.0089326647
0.92	1.0089351053
0.92	1.0089375092
0.92	1.0089398764
0.92	1.0089422069
0.92	1.0089445005
0.92	1.0089467571
0.92	1.0089489767
0.92	1.0089511592
0.92	1.0089533045
0.92	1.0089554126
0.93	1.0089574832
0.93	1.0089595164
0.93	1.0089615121
0.93	1.0089634701
0.93	1.0089653904
0.93	1.0089672730
0.93	1.0089691176
0.93	1.0089709243
0.93	1.0089726930
0.93	1.0089744235
0.94	1.0089761158
0.94	1.0089777698
0.94	1.0089793854
0.94	1.0089809626
0.94	1.0089825012
0.94	1.0089840011
0.94	1.0089854623
0.94	1.0089868847
0.94	1.0089882682
0.94	1.0089896127
0.95	1.0089909182
0.95	1.0089921845
0.95	1.0089934115
0.95	1.0089945992
0.95	1.0089957475
0.95	1.0089968563
0.95	1.0089979254
0.95	1.0089989550
0.95	1.0089999447
0.95	1.0090008946
0.96	1.0090018046
0.96	1.0090026745
0.96	1.0090035043
0.96	1.0090042940
0.96	1.0090050433
0.96	1.0090057523
0.96	1.0090064208
0.96	1.0090070488
0.96	1.0090076362
0.96	1.0090081828
0.97	1.0090086886
0.97	1.0090091536
0.97	1.0090095775
0.97	1.0090099604
0.97	1.0090103021
0.97	1.0090106026
0.97	1.0090108617
0.97	1.0090110794
0.97	1.0090112557
0.97	1.0090113903
0.98	1.0090114832
0.98	1.0090115344
0.98	1.0090115437
0.98	1.0090115110
0.98	1.0090114363
0.98	1.0090113195
0.98	1.0090111605
0.98	1.0090109592
0.98	1.0090107154
0.98	1.0090104292
0.99	1.0090101005
0.99	1.0090097290
0.99	1.0090093149
0.99	1.0090088579
0.99	1.0090083579
0.99	1.0090078150
0.99	1.0090072289
0.99	1.0090065997
0.99	1.0090059271
0.99	1.0090052112
1.00	1.0090044519
1.00	1.0090036490
1.00	1.0090028024
1.00	1.0090019121
1.00	1.0090009780
1.00	1.0090000000
1.00	1.0089989780
1.00	1.0089979119
1.00	1.0089968016
1.00	1.0089956470
1.01	1.0089944481
1.01	1.0089932048
1.01	1.0089919168
1.01	1.0089905843
1.01	1.0089892070
1.01	1.0089877850
1.01	1.0089863180
1.01	1.0089848060
1.01	1.0089832490
1.01	1.0089816467
1.02	1.0089799992
1.02	1.0089783064
1.02	1.0089765681
1.02	1.0089747842
1.02	1.0089729547
1.02	1.0089710795
1.02	1.0089691585
1.02	1.0089671916
1.02	1.0089651787
1.02	1.0089631196
1.03	1.0089610145
1.03	1.0089588630
1.03	1.0089566652
1.03	1.0089544209
1.03	1.0089521300
1.03	1.0089497926
1.03	1.0089474084
1.03	1.0089449773
1.03	1.0089424994
1.03	1.0089399744
1.04	1.0089374024
1.04	1.0089347831
1.04	1.0089321166
1.04	1.0089294027
1.04	1.0089266413
1.04	1.0089238323
1.04	1.0089209757
1.04	1.0089180713
1.04	1.0089151191
1.04	1.0089121190
1.05	1.0089090708
1.05	1.0089059745
1.05	1.0089028300
1.05	1.0088996372
1.05	1.0088963960
1.05	1.0088931063
1.05	1.0088897679
1.05	1.0088863809
1.05	1.0088829452
1.05	1.0088794605
1.06	1.0088759269
1.06	1.0088723443
1.06	1.0088687124
1.06	1.0088650314
1.06	1.0088613010
1.06	1.0088575211
1.06	1.0088536917
1.06	1.0088498128
1.06	1.0088458840
1.06	1.0088419055
1.07	1.0088378771
1.07	1.0088337986
1.07	1.0088296701
1.07	1.0088254914
1.07	1.0088212624
1.07	1.0088169830
1.07	1.0088126531
1.07	1.0088082727
1.07	1.0088038416
1.07	1.0087993597
1.08	1.0087948270
1.08	1.0087902433
1.08	1.0087856085
1.08	1.0087809227
1.08	1.0087761856
1.08	1.0087713971
1.08	1.0087665572
1.08	1.0087616658
1.08	1.0087567228
1.08	1.0087517281
1.09	1.0087466815
1.09	1.0087415831
1.09	1.0087364326
1.09	1.0087312300
1.09	1.0087259752
1.09	1.0087206682
1.09	1.0087153087
1.09	1.0087098968
1.09	1.0087044322
1.09	1.0086989150
1.10	1.0086933450
1.10	1.0086877222
1.10	1.0086820463
1.10	1.0086763174
1.10	1.0086705353
1.10	1.0086647000
1.10	1.0086588113
1.10	1.0086528692
1.10	1.0086468734
1.10	1.0086408241
1.11	1.0086347210
1.11	1.0086285640
1.11	1.0086223531
1.11	1.0086160882
1.11	1.0086097691
1.11	1.0086033958
1.11	1.0085969681
1.11	1.0085904860
1.11	1.0085839494
1.11	1.0085773582
1.12	1.0085707122
1.12	1.0085640114
1.12	1.0085572556
1.12	1.0085504449
1.12	1.0085435790
1.12	1.0085366579
1.12	1.0085296815
1.12	1.0085226497
1.12	1.0085155623
1.12	1.0085084194
1.13	1.0085012207
1.13	1.0084939662
1.13	1.0084866558
1.13	1.0084792894
1.13	1.0084718669
1.13	1.0084643882
1.13	1.0084568531
1.13	1.0084492617
1.13	1.0084416137
1.13	1.0084339092
1.14	1.0084261479
1.14	1.0084183299
1.14	1.0084104549
1.14	1.0084025229
1.14	1.0083945338
1.14	1.0083864875
1.14	1.0083783839
1.14	1.0083702229
1.14	1.0083620044
1.14	1.0083537283
1.15	1.0083453945
1.15	1.0083370028
1.15	1.0083285533
1.15	1.0083200458
1.15	1.0083114801
1.15	1.0083028563
1.15	1.0082941741
1.15	1.0082854335
1.15	1.0082766344
1.15	1.0082677767
1.16	1.0082588603
1.16	1.0082498850
1.16	1.0082408509
1.16	1.0082317577
1.16	1.0082226054
1.16	1.0082133939
1.16	1.0082041231
1.16	1.0081947928
1.16	1.0081854031
1.16	1.0081759537
1.17	1.0081664445
1.17	1.0081568756
1.17	1.0081472467
1.17	1.0081375577
1.17	1.0081278087
1.17	1.0081179994
1.17	1.0081081297
1.17	1.0080981996
1.17	1.0080882090
1.17	1.0080781577
1.18	1.0080680457
1.18	1.0080578728
1.18	1.0080476390
1.18	1.0080373441
1.18	1.0080269880
1.18	1.0080165707
1.18	1.0080060920
1.18	1.0079955519
1.18	1.0079849502
1.18	1.0079742868
1.19	1.0079635616
1.19	1.0079527745
1.19	1.0079419255
1.19	1.0079310143
1.19	1.0079200410
1.19	1.0079090054
1.19	1.0078979073
1.19	1.0078867468
1.19	1.0078755237
1.19	1.0078642378
1.20	1.0078528892
1.20	1.0078414776
1.20	1.0078300030
1.20	1.0078184653
1.20	1.0078068643
1.20	1.0077952000
